798828 1
798933 2
1168430 3
1183150 4
1197910 5
1197974 6
1198123 7
1553580 8
1553679 9
1568315 10
1582980 11
1937780 12
1937804 13
1937850 14
1952751 15
1952828 16
1952917 17
1967407 18
1967455 19
1967670 20
2321827 21
2321868 22
2322110 23
2706805 24
2706824 25
2721424 26
2736260 27
2736284 28
3090979 29
3091126 30
3091287 31
3105617 32
3120402 33
3490129 34
3504924 35
3505016 36
3505088 37
3859995 38
3860279 39
3890166 40
4260149 41
4260231 42
4275083 43
4275145 44
4644869 45
5014247 46
5014266 47
5014326 48
5014557 49
5029260 50
5029466 51
5029488 52
5044021 53
5413948 54
5428800 55
5428821 56
5784252 57
5784354 58
5798906 59
5813577 60
6167299 61
6167351 62
6167413 63
6182083 64
6182134 65
6182307 66
6196981 67
6197119 68
6551483 69
6551754 70
6566567 71
6566568 72
6581276 73
6581322 74
6581399 75
6936078 76
6965998 77
6966134 78
7320839 79
7320872 80
7350627 81
7705470 82
7720188 83
7720216 84
7720281 85
7720367 86
8090163 87
8104694 88
8104826 89
8119386 90
8474094 91
8474140 92
8503815 93
8858841 94
8858937 95
8873434 96
8873485 97
8888088 98
9273204 99
9273308 100
9273513 101
9628896 102
9643580 103

